71
250 8 257 0
200 26 250 8
187 30 200 26
120 34 187 30
55 30 120 34
43 34 55 30
35 40 43 34
23 58 35 40
23 58 18 81
18 81 4 270
4 270 4 290
4 290 8 320
8 320 37 420
37 420 38 440
38 440 37 450

258 10 265 0
258 10 284 10
284 10 280 0

290 0 300 6
300 6 310 10
310 10 330 11
330 11 350 11

330 18 350 18
330 18 257 15
257 15 243 18
243 18 230 21
230 21 200 32
200 32 187 36
179 37 160 38
160 38 130 39
130 39 100 37
97 37 83 36
80 36 55 35
55 35 40 42
40 42 27 63
27 63 21 93
21 93 10 280
10 280 12 300
12 300 15 320
15 320 44 420
44 420 49 426
49 426 61 423
61 423 100 410
100 410 150 400
150 400 176 396
176 396 176 375
176 396 176 375
194 375 194 393
194 393 200 400
200 400 236 405
236 405 260 411
260 411 280 418
280 418 292 425

280 428 292 435
260 421 280 428
236 415 260 421
200 410 236 415
200 410 170 410
170 410 160 420
160 420 154 451
149 451 152 425
152 425 145 416
145 416 137 413
137 413 93 423
93 423 55 440
55 440 50 444
50 444 48 450

150 412 159 412
159 412 154 421
154 421 150 412