20
197.000004 66.0 197.000004 59.0
197.000004 59.0 205.000004 53.0
205.000004 53.0 212.000004 53.0
212.000004 53.0 212.000004 57.0
212.000004 57.0 221.000004 57.0
221.000004 57.0 225.000004 61.0
225.000004 61.0 225.000004 66.0
225.000004 66.0 229.000004 70.0
229.000004 70.0 232.000004 70.0
232.000004 70.0 232.000004 79.0
232.000004 79.0 229.000004 79.0
229.000004 79.0 229.000004 88.0
229.000004 88.0 225.000004 93.0
225.000004 93.0 217.000004 93.0
217.000004 93.0 217.000004 91.0
217.000004 91.0 208.000004 91.0
208.000004 91.0 202.000004 86.0
202.000004 86.0 202.000004 79.0
202.000004 79.0 197.000004 79.0
197.000004 79.0 197.000004 66.0
