20
88.000004 299.0 88.000004 307.0
88.000004 307.0 75.000004 307.0
75.000004 307.0 75.000004 311.0
75.000004 311.0 114.000004 311.0
114.000004 311.0 114.000004 307.0
114.000004 307.0 124.554004 307.0
124.554004 307.0 124.554004 303.0
124.554004 303.0 129.00000400000002 303.0
129.00000400000002 303.0 129.00000400000002 322.0
129.00000400000002 322.0 104.00000400000002 322.0
104.00000400000002 322.0 104.00000400000002 326.0
104.00000400000002 326.0 128.00000400000002 326.0
128.00000400000002 326.0 128.00000400000002 335.0
128.00000400000002 335.0 72.00000400000002 335.0
72.00000400000002 335.0 72.00000400000002 326.0
72.00000400000002 326.0 101.50000400000002 326.0
101.50000400000002 326.0 101.50000400000002 322.0
101.50000400000002 322.0 64.65500400000002 322.0
64.65500400000002 322.0 64.65500400000002 299.0
64.65500400000002 299.0 88.00000400000002 299.0
