16
217.000004 336.0 241.000004 336.0
241.000004 336.0 241.000004 339.0
241.000004 339.0 247.000004 339.0
247.000004 339.0 247.000004 342.0
247.000004 342.0 251.000004 342.0
251.000004 342.0 251.000004 353.0
251.000004 353.0 244.000004 353.0
244.000004 353.0 244.000004 361.0
244.000004 361.0 214.000004 361.0
214.000004 361.0 214.000004 353.0
214.000004 353.0 207.000004 353.0
207.000004 353.0 207.000004 342.0
207.000004 342.0 211.000004 342.0
211.000004 342.0 211.000004 339.0
211.000004 339.0 217.000004 339.0
217.000004 339.0 217.000004 336.0
