16
127.554004 335.5 151.55400400000002 335.5
151.55400400000002 335.5 151.55400400000002 338.5
151.55400400000002 338.5 157.55400400000002 338.5
157.55400400000002 338.5 157.55400400000002 341.5
157.55400400000002 341.5 161.55400400000002 341.5
161.55400400000002 341.5 161.55400400000002 352.5
161.55400400000002 352.5 154.55400400000002 352.5
154.55400400000002 352.5 154.55400400000002 360.5
154.55400400000002 360.5 124.55400400000002 360.5
124.55400400000002 360.5 124.55400400000002 352.5
124.55400400000002 352.5 117.55400400000002 352.5
117.55400400000002 352.5 117.55400400000002 341.5
117.55400400000002 341.5 121.55400400000002 341.5
121.55400400000002 341.5 121.55400400000002 338.5
121.55400400000002 338.5 127.55400400000002 338.5
127.55400400000002 338.5 127.55400400000002 335.5
