16
173.938004 127.663 170.28000400000002 131.277
170.28000400000002 131.277 166.62200400000003 134.891
166.62200400000003 134.891 161.48000400000004 134.85999999999999
161.48000400000004 134.85999999999999 156.33700400000004 134.82999999999998
156.33700400000004 134.82999999999998 152.72300400000003 131.172
152.72300400000003 131.172 149.10900400000003 127.514
149.10900400000003 127.514 149.14000400000003 122.371
149.14000400000003 122.371 149.17000400000003 117.229
149.17000400000003 117.229 152.82800400000002 113.614
152.82800400000002 113.614 156.486004 110.0
156.486004 110.0 161.629004 110.031
161.629004 110.031 166.771004 110.06200000000001
166.771004 110.06200000000001 170.386004 113.72000000000001
170.386004 113.72000000000001 174.00000400000002 117.37800000000001
174.00000400000002 117.37800000000001 173.969004 122.52000000000001
173.969004 122.52000000000001 173.938004 127.66300000000001
