16
173.938004 161.771 170.28000400000002 165.386
170.28000400000002 165.386 166.62200400000003 169.0
166.62200400000003 169.0 161.48000400000004 168.969
161.48000400000004 168.969 156.33700400000004 168.938
156.33700400000004 168.938 152.72300400000003 165.28
152.72300400000003 165.28 149.10900400000003 161.622
149.10900400000003 161.622 149.14000400000003 156.48000000000002
149.14000400000003 156.48000000000002 149.17000400000003 151.33700000000002
149.17000400000003 151.33700000000002 152.82800400000002 147.723
152.82800400000002 147.723 156.486004 144.109
156.486004 144.109 161.629004 144.14000000000001
161.629004 144.14000000000001 166.771004 144.17000000000002
166.771004 144.17000000000002 170.386004 147.828
170.386004 147.828 174.00000400000002 151.486
174.00000400000002 151.486 173.969004 156.629
173.969004 156.629 173.938004 161.771
