14
34.000004 96.0 34.000004 106.0
34.000004 106.0 49.000004 106.0
49.000004 106.0 49.000004 111.0
49.000004 111.0 80.00000399999999 111.0
80.00000399999999 111.0 80.00000399999999 102.0
80.00000399999999 102.0 73.00000399999999 102.0
73.00000399999999 102.0 73.00000399999999 92.0
73.00000399999999 92.0 69.00000399999999 92.0
69.00000399999999 92.0 69.00000399999999 102.0
69.00000399999999 102.0 55.00000399999999 102.0
55.00000399999999 102.0 55.00000399999999 92.0
55.00000399999999 92.0 50.00000399999999 92.0
50.00000399999999 92.0 50.00000399999999 96.0
50.00000399999999 96.0 34.00000399999999 96.0
