16
84.929004 218.673 80.71500400000001 222.837
80.71500400000001 222.837 76.50200400000001 227.0
76.50200400000001 227.0 70.578004 226.964
70.578004 226.964 64.655004 226.929
64.655004 226.929 60.491004000000004 222.715
60.491004000000004 222.715 56.32800400000001 218.502
56.32800400000001 218.502 56.363004000000004 212.578
56.363004000000004 212.578 56.399004000000005 206.655
56.399004000000005 206.655 60.612004000000006 202.491
60.612004000000006 202.491 64.82600400000001 198.328
64.82600400000001 198.328 70.75000400000002 198.363
70.75000400000002 198.363 76.67300400000002 198.399
76.67300400000002 198.399 80.83700400000002 202.612
80.83700400000002 202.612 85.00000400000002 206.826
85.00000400000002 206.826 84.96400400000002 212.75
84.96400400000002 212.75 84.92900400000002 218.673
