12
188.873004 141.708 186.936004 142.826
186.936004 142.826 185.000004 143.944
185.000004 143.944 183.06400399999998 142.826
183.06400399999998 142.826 181.12700399999997 141.708
181.12700399999997 141.708 181.12700399999997 139.472
181.12700399999997 139.472 181.12700399999997 137.23600000000002
181.12700399999997 137.23600000000002 183.06400399999998 136.11800000000002
183.06400399999998 136.11800000000002 185.000004 135.00000000000003
185.000004 135.00000000000003 186.936004 136.11800000000002
186.936004 136.11800000000002 188.873004 137.23600000000002
188.873004 137.23600000000002 188.873004 139.472
188.873004 139.472 188.873004 141.708
